g
https://www.worldometers.info/coronavirus/country/us/
0 #
1 USA State
2 Total Cases
XX 3 New Cases  (all columns were empty)
3 Total Deaths
XX 5 New Deaths (all columns were empty)
4 Total Recovered
5 Active Cases
6 Tot Cases/1M pop
7 Deaths/1M pop
8 Total Tests
9 Tests/ 1M pop
10 Population
11 'state'


Jan 22nd, 2021
https://www.statista.com/statistics/1109004/coronavirus-covid19-cases-rate-us-americans-by-state/


1  California  3,128,763      36,359      1,390,685   1,701,719   79,185   920   39,725,839  1,005,406   39,512,223  [view by county] [1] [projections]
2  Texas 2,233,304      34,600      1,814,654   384,050  77,021   1,193 18,794,175  648,167  28,995,881  [view by county] [1] [2] [3]  [projections]
3  Florida  1,627,603      25,013      825,397  777,193  75,781   1,165 18,126,056  843,946  21,477,737  [view by county] [1] [2] [3]  [projections]
4  New York 1,344,365      42,074      516,686  785,605  69,106   2,163 30,030,951  1,543,725   19,453,561  [view by county] [1] [2] [3]  [projections]
5  Illinois 1,093,375      20,534      876,159  196,682  86,284   1,620 15,209,516  1,200,263   12,671,821  [1] [2] [3] [4] [5]  [projections]
6  Ohio  853,982     10,600      720,171  123,211  73,058   907   8,682,631   742,797  11,689,100  [view by county] [1] [2] [3]  [projections]
7  Georgia  853,173     13,060      376,821  463,292  80,356   1,230 6,553,631   617,253  10,617,423  [1] [2]  [projections]
8  Pennsylvania   799,948     20,365      627,395  152,188  62,486   1,591 8,750,938   683,561  12,801,989  [view by county] [1]    [projections]
9  Arizona  708,041     12,001      96,193   599,847  97,276   1,649 3,717,627   510,753  7,278,717   [1]   [projections]
10 North Carolina 705,535     8,464    579,573  117,498  67,270   807   8,316,710   792,968  10,488,084  [1] [2] [3]    [projections]
11 Tennessee   701,847     8,777    646,144  46,926   102,772  1,285 6,128,305   897,371  6,829,174   [1] [2] [3]    [projections]
12 New Jersey  650,389     20,875      345,733  283,781  73,224   2,350 8,940,846   1,006,604   8,882,190   [view by county] [1]    [projections]
13 Indiana  605,426     9,642    388,141  207,643  89,930   1,432 6,652,500   988,159  6,732,219   [1] [2]  [projections]
14 Michigan 594,920     14,951      442,408  137,561  59,570   1,497 9,602,887   961,552  9,986,857   [1] [2] [3] [4]   [projections]
15 Wisconsin   530,171     5,643    500,685  23,843   91,057   969   2,993,515   514,135  5,822,434   [1] [2] [3] [4] [5] [6]    [projections]
16 Massachusetts  491,452     13,987      388,032  89,433   71,302   2,029 12,754,206  1,850,446   6,892,503   [1]   [projections]
17 Missouri 481,014     7,089    167,561  306,364  78,374   1,155 4,665,957   760,246  6,137,428   [1] [2] [3] [4] [5] [6] [7] [8]  [projections]
18 Virginia 463,751     6,002    36,577   421,172  54,332   703   6,087,688   713,218  8,535,519   [1] [2]  [projections]
19 Minnesota   452,268     6,100    434,515  11,653   80,195   1,082 6,289,662   1,115,261   5,639,632   [1] [2]  [projections]
20 Alabama  436,087     6,486    233,211  196,390  88,940   1,323 2,166,181   441,791  4,903,185   [1]   [projections]
21 South Carolina 409,188     6,404    183,146  219,638  79,474   1,244 4,555,905   884,863  5,148,714   [1] [2] [3]    [projections]
22 Colorado 383,008     5,462    91,006   286,540  66,509   948   2,334,170   405,327  5,758,736   [1]   [projections]
23 Louisiana   380,255     8,483    320,025  51,747   81,796   1,825 5,047,987   1,085,870   4,648,794   [view by county] [1]    [projections]
24 Oklahoma 365,992     3,187    330,478  32,327   92,493   805   3,045,125   769,560  3,956,971   [1] [2] [3]    [projections]
25 Kentucky 340,779     3,337    41,562   295,880  76,277   747   3,875,326   867,415  4,467,673   [1] [2] [3]    [projections]
26 Maryland 336,915     6,792    9,469 320,654  55,728   1,123 6,630,564   1,096,744   6,045,680   [1]   [projections]
27 Utah  333,118     1,571    279,908  51,639   103,906  490   3,154,671   984,003  3,205,958   [1] [2] [3]    [projections]
28 Iowa  310,951     4,478    273,038  33,435   98,556   1,419 1,440,781   456,656  3,155,070   [1] [2]  [projections]
29 Washington  301,678     4,191    135,806  161,681  39,617   550   4,349,779   571,220  7,614,893   [view by county] [1]    [projections]
30 Arkansas 281,382     4,549    256,696  20,137   93,241   1,507 2,662,775   882,355  3,017,804   [1] [2] [3] [4] [5]  [projections]
31 Kansas   269,072     3,623    N/A   N/A   92,359   1,244 1,137,411   390,418  2,913,314   [1] [2] [3] [4] [5] [6] [7] [8] [9]    [projections]
32 Nevada   268,212     3,958    156,824  107,430  87,077   1,285 2,395,142   777,604  3,080,156   [1] [2]  [projections]
33 Mississippi 261,167     5,713    207,769  47,685   87,753   1,920 2,056,401   690,960  2,976,149   [1] [2] [3]    [projections]
34 Connecticut 237,815     6,819    59,387   171,609  66,703   1,913 5,439,307   1,525,629   3,565,287   [1] [2]  [projections]
35 Nebraska 185,346     1,868    130,527  52,951   95,815   966   895,969  463,175  1,934,408   [1] [2]  [projections]
36 New Mexico  167,731     3,077    92,109   72,545   79,993   1,467 2,214,495   1,056,116   2,096,829   [1] [2]  [projections]
37 Idaho 158,798     1,667    75,041   82,090   88,860   933   954,658  534,204  1,787,065   [1] [2] [3]    [projections]
38 Oregon   136,839     1,865    N/A   N/A   32,444   442   3,043,792   721,665  4,217,737   [1] [2] [3]    [projections]
39 West Virginia  113,615     1,856    86,417   25,342   63,396   1,036 1,820,409   1,015,770   1,792,147   [1]   [projections]
40 Rhode Island   109,735     2,083    6,626 101,026  103,586  1,966 2,363,131   2,230,714   1,059,361   [1] [2]  [projections]
41 South Dakota   106,716     1,684    100,942  4,090 120,630  1,904 395,477  447,039  884,659  [1]   [projections]
42 North Dakota   96,567      1,403    93,980   1,184 126,718  1,841 389,697  511,372  762,062  [1] [2]  [projections]
43 Montana  91,049      1,104    85,095   4,850 85,190   1,033 899,769  841,867  1,068,778   [1] [2] [3] [4]   [projections]
44 Delaware 73,233      1,027    N/A   N/A   75,206   1,055 565,705  580,947  973,764  [1] [2]  [projections]
45 New Hampshire  60,951      971      53,773   6,207 44,826   714   1,187,904   873,644  1,359,711   [1] [2]  [projections]
46 Alaska   51,204      252      N/A   N/A   69,994   344   1,438,958   1,967,012   731,545  [1]   [projections]
47 Wyoming  50,583      571      48,316   1,696 87,399   987   573,868  991,549  578,759  [1] [2]  [projections]
48 Maine 36,274      540      12,187   23,547   26,985   402   1,453,988   1,081,666   1,344,212   [1] [2]  [projections]
49 District Of Columbia 34,905      867      24,251   9,787 49,458   1,228 1,038,480   1,471,458   705,749  [1]   [projections]
50 Hawaii   24,870      332      13,182   11,356   17,565   234   931,476  657,882  1,415,872   [1] [2] [3] [4] [5]  [projections]
